-1001662108238
-1002042313715
-1001732054517
-1002141098158
-1002082205219
-1002113727331
-1001329792955
-1001818041591
-1002027009323
-1001793443036
-1001732397174
-1001387755858
-1002144280170
-1002046308678
-1001940466330
-1001584675261
-1001903584041
-1002109260212
-1002070877974
-1002077909788
-1002003448629
-1001161467044
-1001766648316
-1002049150658
-1001545687050
-1001839361384
-1001303798445
-1001587234055
-1001395430744
-1001525185181
-1001607673403
-1002080334439
-1002056869778
-1001763544510
-1001784387357